11, 141, 194, 81, 12, -116, 208, -115, 13, 180, 18, 170, 14, -175, 31, -132, 15, 195, -193, 28, 16, -224, -144, -335, 23, 75, -211, 87, 24, -107, -189, -13
11, 141, 165, -19, 12, -116, 181, -115, 13, 180, 18, 48, 14, -175, 4, -132, 15, 166, -156, -198, 16, -224, -93, -335, 23, 75, -183, 87, 24, -90, -166, -13
11, 125, 165, -19, 12, -116, 181, -115, 13, 163, 18, 48, 14, -175, 4, -65, 15, 166, -96, -198, 16, -224, -93, -335, 23, 75, -183, 87, 24, -90, -166, -13
11, 125, 165, -19, 12, -116, 181, -115, 13, 163, 18, 48, 14, -175, 4, -65, 15, 166, -112, -96, 16, -250, -115, -335, 23, 75, -183, 87, 24, -90, -166, -13
11, 125, 165, -19, 12, -116, 181, -28, 13, 163, 18, 48, 14, -175, 4, 27, 15, 166, -75, -256, 16, -250, -115, -220, 23, 75, -183, 87, 24, -90, -166, -13
11, 125, 165, -19, 12, -116, 181, -28, 13, 163, -10, -106, 14, -175, 4, 27, 15, 166, -75, -453, 16, -250, -115, -220, 23, 75, -183, 87, 24, -90, -166, 59
11, 125, 165, -19, 12, -116, 181, -28, 13, 163, 9, -46, 14, -175, 4, 27, 15, 166, -111, -269, 16, -223, -152, -103, 23, 75, -183, 22, 24, -90, -166, 59
11, 125, 165, -98, 12, -116, 181, 49, 13, 163, 24, -144, 14, -175, 4, 218, 15, 166, -76, -467, 16, -223, -152, 83, 23, 75, -183, 22, 24, -90, -166, 59
11, 125, 165, -15, 12, -116, 181, -22, 13, 163, 24, 41, 14, -175, 4, 3, 15, 166, -171, -90, 16, -223, -152, -181, 23, 75, -183, 22, 24, -90, -181, 59
11, 125, 165, -15, 12, -116, 181, -85, 13, 163, -6, 41, 14, -175, 4, 3, 15, 166, -171, -90, 16, -201, -167, -181, 23, 75, -183, 22, 24, -90, -181, 59
11, 125, 165, -15, 12, -116, 181, -85, 13, 141, -6, 41, 14, -175, 21, 3, 15, 166, -171, -90, 16, -201, -151, -181, 23, 75, -183, 22, 24, -90, -181, 59
11, 125, 165, -15, 12, -116, 181, -85, 13, 141, -6, 41, 14, -175, 21, 3, 15, 166, -156, -90, 16, -226, -131, -244, 23, 75, -183, 22, 24, -90, -181, 59
11, 125, 165, 54, 12, -116, 181, -85, 13, 141, -6, 132, 14, -175, 21, -74, 15, 166, -156, -90, 16, -226, -131, -244, 23, 75, -183, 22, 24, -90, -181, -4
11, 125, 165, 54, 12, -116, 181, -85, 13, 141, -6, 132, 14, -175, 21, -74, 15, 166, -174, -157, 16, -248, -131, -244, 23, 75, -183, 22, 24, -90, -181, -4
11, 125, 165, 54, 12, -116, 181, -85, 13, 141, -6, 67, 14, -175, 21, -74, 15, 166, -145, -157, 16, -248, -131, -244, 23, 75, -183, 22, 24, -90, -181, -4
11, 125, 165, 54, 12, -116, 181, -85, 13, 141, -6, 67, 14, -175, 21, -74, 15, 184, -125, -157, 16, -248, -131, -244, 23, 75, -183, 22, 24, -90, -181, -4
11, 125, 165, 54, 12, -116, 181, -85, 13, 141, -6, 67, 14, -175, 21, -74, 15, 184, -125, -157, 16, -272, -131, -244, 23, 75, -183, 22, 24, -90, -181, -4
11, 125, 165, 54, 12, -116, 196, -85, 13, 141, -6, 67, 14, -175, 21, -74, 15, 184, -125, -55, 16, -272, -131, -244, 23, 75, -183, 22, 24, -90, -181, -4
11, 125, 165, 54, 12, -116, 196, -85, 13, 141, -6, 130, 14, -175, 21, -203, 15, 184, -142, -117, 16, -256, -131, -599, 23, 75, -183, 22, 24, -90, -181, -4
11, 125, 165, 54, 12, -116, 196, -162, 13, 141, -6, 130, 14, -175, 21, -203, 15, 184, -142, -117, 16, -240, -108, -599, 23, 75, -183, 109, 24, -90, -181, -4
11, 125, 165, 54, 12, -116, 196, -162, 13, 141, -6, 130, 14, -175, 21, -297, 15, 154, -142, -31, 16, -210, -108, -692, 23, 75, -183, 109, 24, -90, -181, -4
11, 125, 165, 54, 12, -116, 196, -162, 13, 141, -6, 130, 14, -175, 21, -230, 15, 154, -122, 60, 16, -194, -108, -568, 23, 75, -183, 109, 24, -90, -181, -4
11, 125, 165, 54, 12, -116, 196, -162, 13, 141, -6, 195, 14, -175, 21, -230, 15, 154, -106, -44, 16, -194, -108, -568, 23, 75, -183, 109, 24, -90, -181, -4
11, 125, 165, 54, 12, -116, 196, -162, 13, 141, -6, 195, 14, -158, 21, -230, 15, 154, -106, 77, 16, -194, -108, -568, 23, 75, -183, 109, 24, -90, -181, -4
11, 109, 165, 54, 12, -116, 196, -162, 13, 141, -6, 195, 14, -158, 21, -230, 15, 154, -106, 77, 16, -194, -124, -568, 23, 75, -183, 109, 24, -90, -181, -4
11, 109, 165, 135, 12, -116, 196, -162, 13, 141, -6, 276, 14, -158, 21, -300, 15, 154, -106, 187, 16, -194, -124, -568, 23, 75, -183, 109, 24, -74, -181, -4
11, 109, 165, 135, 12, -116, 215, -162, 13, 125, -6, 276, 14, -158, 21, -210, 15, 186, -130, 187, 16, -217, -161, -429, 23, 75, -183, 109, 24, -74, -181, -4
11, 109, 165, 135, 12, -116, 215, -162, 13, 125, -6, 276, 14, -158, 21, -210, 15, 186, -130, 47, 16, -217, -161, -429, 23, 75, -183, 109, 24, -74, -181, -4
11, 109, 165, 135, 12, -99, 215, -162, 13, 125, -6, 276, 14, -174, 21, -130, 15, 213, -130, 47, 16, -247, -161, -429, 23, 75, -183, 109, 24, -74, -181, -4
11, 109, 165, 135, 12, -99, 215, -162, 13, 125, -6, 276, 14, -174, 21, -130, 15, 213, -89, 47, 16, -270, -141, -429, 23, 75, -183, 109, 24, -74, -181, -4
11, 93, 165, 135, 12, -99, 199, -77, 13, 144, -6, 174, 14, -193, 44, -130, 15, 256, -37, -111, 16, -270, -52, -429, 23, 75, -183, 43, 24, -55, -181, -79
11, 93, 165, 135, 12, -99, 199, -77, 13, 144, -6, 94, 14, -193, 62, -130, 15, 229, -13, -294, 16, -270, 4, -535, 23, 75, -183, 43, 24, -55, -181, -79
11, 121, 165, 135, 12, -99, 184, -77, 13, 199, -6, -37, 14, -193, 41, -130, 15, 300, 49, -492, 16, -270, 78, -765, 23, 75, -183, 43, 24, -76, -166, -79
11, 121, 140, 43, 12, -99, 162, -13, 13, 218, -6, -136, 14, -193, 8, -235, 15, 265, 76, -492, 16, -270, 106, -765, 23, 75, -183, 43, 24, -76, -132, -79
11, 121, 140, -24, 12, -99, 162, -13, 13, 218, -6, -136, 14, -193, 8, -313, 15, 305, 46, -427, 16, -270, 106, -949, 23, 53, -156, 43, 24, -76, -132, 26
11, 121, 140, -24, 12, -99, 162, -13, 13, 218, 12, 83, 14, -211, 8, -378, 15, 371, 20, -13, 16, -253, 132, -1052, 23, 53, -156, 43, 24, -76, -132, 26
11, 121, 140, -24, 12, -99, 162, -13, 13, 218, 53, 83, 14, -234, 38, -378, 15, 371, 68, -13, 16, -253, 184, -1052, 23, 76, -156, 43, 24, -76, -132, 95
11, 121, 140, -24, 12, -99, 162, -13, 13, 218, 53, -24, 14, -234, 38, -378, 15, 346, 68, -203, 16, -253, 200, -942, 23, 76, -172, 43, 24, -76, -132, 95
11, 121, 155, -24, 12, -99, 162, -13, 13, 218, 53, -231, 14, -234, 69, -272, 15, 306, 159, -579, 16, -253, 235, -723, 23, 76, -172, 43, 24, -76, -132, 95
11, 121, 155, -24, 12, -99, 162, -13, 13, 218, 68, -231, 14, -249, 69, -272, 15, 306, 159, -579, 16, -253, 235, -723, 23, 76, -172, 43, 24, -76, -132, 95
11, 121, 155, -24, 12, -99, 162, -13, 13, 218, 68, -231, 14, -249, 69, -272, 15, 275, 201, -579, 16, -238, 235, -723, 23, 76, -172, 43, 24, -76, -132, 95
11, 121, 138, -24, 12, -99, 132, -13, 13, 250, 68, -231, 14, -249, 43, -169, 15, 249, 222, -442, 16, -216, 210, -561, 23, 57, -140, -19, 24, -76, -132, 95
11, 121, 138, -24, 12, -99, 132, 51, 13, 250, 50, -231, 14, -249, 28, -169, 15, 249, 222, -442, 16, -216, 210, -475, 23, 57, -140, -19, 24, -76, -132, 28
11, 121, 138, -24, 12, -99, 132, 51, 13, 250, 50, -231, 14, -233, 28, -169, 15, 232, 222, -442, 16, -182, 210, -475, 23, 57, -140, -19, 24, -76, -132, 28
11, 121, 138, -24, 12, -99, 132, 51, 13, 250, 50, -231, 14, -233, 28, -108, 15, 232, 222, -442, 16, -182, 210, -355, 23, 57, -140, -19, 24, -76, -132, 28
11, 121, 138, -24, 12, -99, 132, 51, 13, 250, 50, -231, 14, -250, 61, -108, 15, 232, 239, -442, 16, -182, 255, -355, 23, 57, -140, -19, 24, -76, -132, 28
11, 121, 138, -24, 12, -99, 132, 51, 13, 250, 50, -231, 14, -250, 61, -185, 15, 232, 239, -442, 16, -182, 255, -435, 23, 57, -140, -19, 24, -76, -132, 28
11, 121, 138, -24, 12, -99, 163, 51, 13, 274, 66, -231, 14, -250, 96, -185, 15, 256, 260, -505, 16, -182, 282, -245, 23, 74, -163, -19, 24, -76, -151, 28
11, 121, 154, -88, 12, -99, 163, -13, 13, 274, 66, -358, 14, -250, 81, -185, 15, 256, 260, -674, 16, -245, 265, -347, 23, 74, -163, -19, 24, -76, -151, 28
11, 121, 154, -88, 12, -99, 163, -13, 13, 274, 66, -358, 14, -250, 81, -185, 15, 256, 260, -588, 16, -245, 265, -347, 23, 74, -178, -19, 24, -76, -151, 28
11, 121, 154, -88, 12, -99, 163, -13, 13, 274, 66, -281, 14, -250, 81, -267, 15, 256, 260, -588, 16, -245, 265, -533, 23, 74, -178, 55, 24, -76, -151, 28
11, 121, 154, -88, 12, -99, 163, -74, 13, 274, 66, -281, 14, -229, 81, -267, 15, 256, 260, -652, 16, -245, 265, -631, 23, 74, -178, 55, 24, -76, -151, 28
11, 121, 154, -88, 12, -99, 163, -74, 13, 274, 66, -281, 14, -229, 61, -361, 15, 272, 260, -652, 16, -245, 265, -722, 23, 74, -178, 55, 24, -92, -151, 28
11, 121, 154, -88, 12, -99, 163, -74, 13, 274, 66, -281, 14, -229, 61, -361, 15, 272, 260, -652, 16, -227, 265, -722, 23, 74, -178, 55, 24, -92, -167, 28
11, 121, 154, -88, 12, -99, 163, -74, 13, 274, 66, -281, 14, -229, 61, -361, 15, 272, 260, -652, 16, -227, 265, -661, 23, 74, -178, 55, 24, -92, -167, 28
11, 121, 154, -88, 12, -99, 163, -74, 13, 274, 66, -281, 14, -229, 61, -361, 15, 272, 260, -652, 16, -227, 284, -661, 23, 74, -178, 55, 24, -92, -167, 28
11, 121, 169, -88, 12, -99, 181, -74, 13, 274, 66, -281, 14, -245, 81, -361, 15, 272, 260, -652, 16, -205, 284, -661, 23, 74, -178, 55, 24, -92, -167, 28
11, 121, 169, -88, 12, -99, 181, -74, 13, 274, 66, -281, 14, -245, 81, -361, 15, 272, 260, -652, 16, -187, 284, -661, 23, 74, -178, 55, 24, -92, -167, 28
11, 121, 169, -28, 12, -99, 181, -74, 13, 291, 66, -281, 14, -245, 81, -428, 15, 272, 260, -652, 16, -187, 284, -781, 23, 74, -178, 55, 24, -92, -167, 28
11, 121, 169, -28, 12, -99, 181, -74, 13, 291, 81, -281, 14, -245, 104, -428, 15, 272, 260, -652, 16, -187, 301, -781, 23, 74, -178, 55, 24, -92, -167, 28
11, 121, 169, -28, 12, -99, 181, -74, 13, 291, 81, -281, 14, -245, 104, -428, 15, 272, 260, -498, 16, -187, 301, -719, 23, 74, -178, 55, 24, -92, -167, 28
11, 121, 169, -28, 12, -99, 181, -74, 13, 291, 81, -281, 14, -262, 104, -244, 15, 238, 260, -498, 16, -187, 301, -527, 23, 74, -178, 55, 24, -92, -167, 28
11, 121, 169, -28, 12, -99, 181, -74, 13, 291, 81, -281, 14, -262, 104, -244, 15, 215, 260, -498, 16, -187, 270, -527, 23, 74, -178, 55, 24, -92, -167, 28
11, 121, 169, -28, 12, -99, 163, -74, 13, 271, 81, -281, 14, -262, 75, -307, 15, 215, 260, -498, 16, -187, 270, -699, 23, 74, -178, 55, 24, -92, -167, 28
11, 121, 154, -99, 12, -99, 163, -74, 13, 271, 81, -281, 14, -262, 75, -307, 15, 215, 244, -592, 16, -187, 240, -792, 23, 74, -178, 55, 24, -92, -145, 100
11, 121, 154, -99, 12, -99, 163, -74, 13, 271, 81, -390, 14, -262, 75, -405, 15, 215, 244, -708, 16, -187, 240, -852, 23, 74, -162, 55, 24, -92, -145, 100
11, 121, 154, -9, 12, -99, 163, -74, 13, 271, 81, -247, 14, -262, 75, -305, 15, 215, 244, -508, 16, -187, 240, -684, 23, 74, -162, 55, 24, -92, -145, 10
11, 121, 154, -9, 12, -99, 163, -74, 13, 271, 81, -119, 14, -262, 75, -305, 15, 215, 244, -227, 16, -187, 240, -684, 23, 74, -162, 55, 24, -92, -145, 10
11, 121, 154, -9, 12, -99, 163, -74, 13, 271, 81, -119, 14, -262, 75, -305, 15, 215, 244, -331, 16, -187, 240, -684, 23, 74, -162, 55, 24, -92, -145, 10
11, 121, 154, -9, 12, -99, 146, 16, 13, 271, 81, -119, 14, -262, 75, -241, 15, 215, 244, -249, 16, -187, 240, -550, 23, 74, -162, 55, 24, -92, -145, 10
11, 121, 154, -9, 12, -99, 146, 16, 13, 271, 81, -119, 14, -247, 75, -241, 15, 215, 244, -249, 16, -187, 240, -550, 23, 74, -162, 55, 24, -76, -145, 10
11, 121, 134, -9, 12, -99, 146, 16, 13, 251, 81, -119, 14, -247, 54, -164, 15, 215, 225, -249, 16, -187, 214, -405, 23, 57, -132, -6, 24, -76, -145, 10
11, 102, 134, -9, 12, -99, 146, 16, 13, 251, 81, -119, 14, -247, 54, -164, 15, 200, 225, -325, 16, -187, 214, -492, 23, 57, -132, -6, 24, -76, -145, 10
11, 102, 134, -9, 12, -99, 146, 16, 13, 251, 81, -187, 14, -247, 54, -282, 15, 200, 225, -448, 16, -187, 214, -649, 23, 74, -148, -6, 24, -76, -145, 10
11, 102, 134, -9, 12, -99, 146, -67, 13, 251, 81, -273, 14, -247, 54, -357, 15, 200, 240, -556, 16, -187, 214, -759, 23, 74, -148, 57, 24, -76, -145, 10
11, 102, 134, -9, 12, -99, 146, -67, 13, 251, 96, -273, 14, -247, 73, -357, 15, 200, 240, -634, 16, -187, 231, -759, 23, 74, -148, 57, 24, -76, -145, 79
11, 102, 134, -9, 12, -99, 146, -67, 13, 251, 96, -273, 14, -247, 73, -357, 15, 200, 240, -634, 16, -187, 231, -759, 23, 74, -148, 57, 24, -76, -145, 79
11, 102, 134, -9, 12, -99, 146, -67, 13, 251, 96, -273, 14, -247, 73, -357, 15, 200, 240, -504, 16, -187, 231, -759, 23, 74, -148, 57, 24, -76, -145, 79
11, 102, 134, -9, 12, -99, 146, -67, 13, 251, 96, -273, 14, -230, 73, -357, 15, 200, 240, -504, 16, -187, 231, -759, 23, 74, -148, 57, 24, -76, -145, 79
11, 102, 134, -9, 12, -99, 146, -67, 13, 251, 96, -273, 14, -230, 73, -357, 15, 200, 240, -504, 16, -187, 231, -759, 23, 74, -148, 57, 24, -76, -145, 79
11, 102, 149, -9, 12, -99, 146, -67, 13, 251, 96, -273, 14, -230, 73, -357, 15, 200, 240, -504, 16, -187, 231, -759, 23, 74, -148, 57, 24, -76, -145, 79
11, 102, 149, -9, 12, -99, 146, -67, 13, 251, 96, -273, 14, -230, 73, -357, 15, 200, 240, -504, 16, -187, 231, -684, 23, 74, -148, 57, 24, -76, -145, 79
11, 102, 149, -9, 12, -99, 146, -67, 13, 251, 96, -273, 14, -230, 73, -357, 15, 200, 240, -504, 16, -187, 231, -684, 23, 74, -148, 57, 24, -76, -145, 79
11, 102, 149, -9, 12, -99, 146, -67, 13, 251, 96, -273, 14, -230, 73, -357, 15, 183, 240, -504, 16, -187, 231, -684, 23, 74, -148, 57, 24, -76, -145, 79
11, 102, 149, -9, 12, -99, 146, -67, 13, 251, 96, -273, 14, -230, 73, -357, 15, 183, 240, -504, 16, -187, 231, -767, 23, 74, -148, 57, 24, -76, -145, 79
11, 102, 149, -9, 12, -99, 146, -67, 13, 251, 96, -190, 14, -230, 73, -357, 15, 183, 240, -389, 16, -187, 231, -767, 23, 74, -148, 57, 24, -76, -145, 79
11, 102, 149, -9, 12, -84, 146, -67, 13, 251, 96, -190, 14, -230, 90, -357, 15, 183, 240, -389, 16, -172, 231, -767, 23, 74, -148, 57, 24, -76, -145, 79
11, 102, 149, -9, 12, -84, 146, -67, 13, 251, 96, -251, 14, -230, 90, -270, 15, 198, 240, -548, 16, -172, 252, -618, 23, 74, -148, 57, 24, -76, -145, 79
11, 102, 149, -9, 12, -84, 146, -67, 13, 251, 96, -251, 14, -230, 145, -270, 15, 198, 240, -548, 16, -172, 296, -618, 23, 74, -148, 57, 24, -76, -145, 79
11, 102, 149, -9, 12, -84, 146, -67, 13, 251, 96, -188, 14, -230, 163, -270, 15, 198, 240, -433, 16, -172, 312, -618, 23, 74, -148, 57, 24, -76, -145, 79
11, 102, 149, -9, 12, -84, 146, -67, 13, 251, 96, -188, 14, -230, 188, -270, 15, 198, 240, -355, 16, -126, 312, -406, 23, 74, -148, 57, 24, -76, -145, 15
11, 102, 149, -9, 12, -84, 146, -67, 13, 251, 96, -188, 14, -230, 188, -270, 15, 198, 240, -355, 16, -104, 312, -406, 23, 74, -148, 57, 24, -76, -145, 15
11, 102, 149, 111, 12, -84, 146, -67, 13, 251, 96, -188, 14, -230, 188, -520, 15, 198, 240, -554, 16, -74, 272, -648, 23, 74, -148, 57, 24, -76, -145, 15
11, 102, 134, 111, 12, -84, 146, -67, 13, 251, 96, -188, 14, -230, 205, -454, 15, 198, 240, -554, 16, -74, 272, -573, 23, 74, -148, 57, 24, -76, -145, 15
11, 102, 134, 111, 12, -84, 146, -67, 13, 251, 96, -188, 14, -230, 205, -454, 15, 198, 240, -423, 16, -74, 292, -573, 23, 74, -148, 57, 24, -76, -145, 15
11, 102, 134, 111, 12, -84, 146, -67, 13, 251, 96, -95, 14, -230, 205, -253, 15, 198, 240, -300, 16, -102, 331, -354, 23, 74, -148, 57, 24, -76, -145, 15
11, 102, 134, 111, 12, -84, 146, -67, 13, 251, 96, -95, 14, -215, 205, -253, 15, 198, 240, -300, 16, -130, 331, -286, 23, 74, -148, 57, 24, -76, -145, 15
11, 102, 134, 17, 12, -84, 146, -67, 13, 251, 96, -95, 14, -200, 205, 24, 15, 198, 240, -300, 16, -181, 331, 51, 23, 74, -148, 57, 24, -76, -145, 15
11, 102, 134, 17, 12, -84, 146, -7, 13, 251, 96, -95, 14, -200, 180, -72, 15, 198, 240, -300, 16, -181, 331, -118, 23, 74, -148, 57, 24, -76, -145, 15
11, 102, 134, 17, 12, -84, 146, -7, 13, 251, 96, -95, 14, -200, 180, -72, 15, 198, 240, -300, 16, -165, 331, -118, 23, 74, -148, 57, 24, -76, -145, 15
11, 102, 134, 17, 12, -84, 146, -7, 13, 251, 96, -214, 14, -220, 155, -316, 15, 182, 240, -417, 16, -133, 292, -507, 23, 74, -148, 57, 24, -76, -145, 15
11, 102, 134, 17, 12, -84, 146, -7, 13, 251, 96, -214, 14, -220, 155, -316, 15, 182, 240, -417, 16, -133, 275, -507, 23, 74, -148, 57, 24, -76, -145, 15
11, 102, 134, 17, 12, -84, 146, -7, 13, 251, 165, -274, 14, -220, 137, -189, 15, 152, 240, -417, 16, -133, 275, -336, 23, 74, -148, -6, 24, -76, -145, 15
11, 102, 155, -87, 12, -84, 146, -7, 13, 251, 196, -379, 14, -220, 137, -189, 15, 152, 240, -539, 16, -133, 275, -336, 23, 74, -148, -6, 24, -76, -145, 15
11, 102, 155, -87, 12, -84, 146, -7, 13, 251, 196, -379, 14, -220, 137, -108, 15, 130, 266, -465, 16, -133, 275, -207, 23, 74, -148, -6, 24, -76, -145, 15
11, 87, 155, -87, 12, -84, 131, -7, 13, 228, 217, -311, 14, -239, 118, -108, 15, 130, 330, -465, 16, -151, 275, -316, 23, 74, -148, -6, 24, -76, -145, 15
11, 87, 155, -87, 12, -99, 131, -7, 13, 228, 217, -311, 14, -239, 118, -108, 15, 130, 330, -583, 16, -151, 275, -316, 23, 74, -148, -6, 24, -61, -145, 15
11, 87, 155, -87, 12, -99, 131, -7, 13, 228, 198, -311, 14, -239, 118, -274, 15, 178, 330, -583, 16, -151, 275, -527, 23, 74, -148, -6, 24, -61, -145, 15
11, 87, 155, -87, 12, -99, 131, -7, 13, 228, 173, -311, 14, -239, 118, -274, 15, 215, 302, -583, 16, -151, 275, -527, 23, 74, -148, -6, 24, -61, -145, 15
11, 87, 155, -87, 12, -99, 131, -7, 13, 228, 153, -311, 14, -239, 118, -274, 15, 215, 302, -583, 16, -151, 275, -527, 23, 74, -148, -6, 24, -61, -145, 15
11, 87, 155, -87, 12, -99, 131, -7, 13, 228, 138, -311, 14, -239, 118, -274, 15, 195, 286, -583, 16, -151, 275, -467, 23, 74, -148, -6, 24, -61, -145, 15
11, 87, 155, -87, 12, -99, 147, -7, 13, 228, 138, -311, 14, -239, 118, -274, 15, 175, 286, -583, 16, -151, 275, -467, 23, 74, -148, -6, 24, -61, -145, 15
11, 87, 155, -87, 12, -99, 147, -81, 13, 245, 138, -485, 14, -239, 118, -443, 15, 146, 238, -790, 16, -151, 275, -760, 23, 74, -148, 74, 24, -61, -145, 112
11, 87, 155, -87, 12, -99, 147, -81, 13, 245, 138, -584, 14, -239, 118, -443, 15, 146, 216, -924, 16, -151, 275, -854, 23, 74, -148, 74, 24, -61, -145, 112
11, 87, 155, -87, 12, -99, 147, -81, 13, 245, 161, -466, 14, -239, 118, -276, 15, 146, 216, -698, 16, -151, 275, -481, 23, 74, -148, 74, 24, -61, -145, 112
11, 87, 155, -87, 12, -99, 147, -81, 13, 245, 161, -393, 14, -239, 118, -276, 15, 175, 273, -698, 16, -151, 275, -481, 23, 74, -148, 74, 24, -61, -145, 112
11, 87, 155, -87, 12, -99, 147, -81, 13, 245, 177, -393, 14, -239, 118, -276, 15, 192, 310, -698, 16, -151, 275, -544, 23, 74, -148, 74, 24, -61, -145, 112
11, 87, 155, -27, 12, -99, 147, -81, 13, 228, 198, -78, 14, -239, 118, -276, 15, 310, 341, -230, 16, -167, 275, -470, 23, 74, -148, 74, 24, -61, -145, 112
11, 87, 155, -27, 12, -99, 147, -81, 13, 228, 198, -78, 14, -239, 118, -276, 15, 346, 341, -230, 16, -167, 275, -470, 23, 74, -148, 74, 24, -61, -145, 112
11, 87, 155, -27, 12, -99, 147, -81, 13, 228, 198, -78, 14, -239, 101, -276, 15, 346, 229, -230, 16, -185, 254, -532, 23, 74, -148, 74, 24, -61, -145, 112
11, 87, 155, -27, 12, -99, 147, -81, 13, 228, 170, -78, 14, -239, 101, -376, 15, 377, 197, -230, 16, -185, 254, -722, 23, 74, -148, 74, 24, -61, -145, 112
11, 87, 155, -27, 12, -99, 147, -81, 13, 228, 170, -78, 14, -239, 101, -282, 15, 377, 197, -230, 16, -185, 254, -578, 23, 74, -148, 74, 24, -61, -145, 112
11, 103, 155, -27, 12, -99, 147, -81, 13, 228, 170, -78, 14, -239, 101, -282, 15, 377, 197, -230, 16, -185, 254, -578, 23, 74, -148, 74, 24, -61, -145, 112
11, 103, 155, -27, 12, -99, 147, -81, 13, 228, 170, -78, 14, -239, 101, -282, 15, 377, 238, -163, 16, -162, 254, -578, 23, 74, -148, 74, 24, -76, -145, 112
11, 103, 155, -27, 12, -99, 147, -81, 13, 228, 170, -78, 14, -239, 120, -346, 15, 349, 275, -163, 16, -162, 269, -578, 23, 74, -148, 74, 24, -76, -145, 112
11, 103, 155, -27, 12, -99, 147, -81, 13, 245, 148, -318, 14, -239, 120, -346, 15, 270, 275, -630, 16, -162, 269, -717, 23, 74, -148, 74, 24, -76, -145, 112
11, 103, 155, -27, 12, -99, 147, -81, 13, 245, 148, -318, 14, -239, 120, -415, 15, 240, 275, -708, 16, -162, 252, -803, 23, 74, -148, 74, 24, -76, -145, 112
11, 103, 155, -27, 12, -99, 147, -81, 13, 245, 130, -397, 14, -239, 120, -415, 15, 215, 275, -708, 16, -162, 252, -803, 23, 74, -148, 74, 24, -76, -145, 112
11, 103, 155, -27, 12, -99, 147, -81, 13, 245, 130, -397, 14, -239, 120, -415, 15, 198, 252, -708, 16, -162, 252, -803, 23, 74, -148, 74, 24, -76, -145, 112
11, 103, 155, -27, 12, -99, 147, -81, 13, 245, 103, -397, 14, -239, 120, -415, 15, 198, 228, -708, 16, -162, 252, -803, 23, 74, -148, 74, 24, -76, -145, 112
11, 103, 139, -27, 12, -99, 147, -81, 13, 245, 103, -262, 14, -239, 120, -415, 15, 198, 228, -591, 16, -162, 252, -803, 23, 74, -148, 74, 24, -76, -145, 32
11, 103, 139, 71, 12, -99, 147, -81, 13, 209, 79, -107, 14, -239, 160, -330, 15, 198, 228, -335, 16, -137, 278, -509, 23, 74, -148, 10, 24, -76, -145, -30
11, 103, 123, 170, 12, -99, 163, -81, 13, 185, 79, 99, 14, -239, 190, -330, 15, 198, 208, -37, 16, -104, 295, -583, 23, 74, -148, 10, 24, -76, -145, -30
11, 103, 123, 170, 12, -82, 163, -81, 13, 185, 79, 255, 14, -239, 190, -485, 15, 182, 208, 281, 16, -104, 295, -583, 23, 74, -148, 10, 24, -76, -145, -109
11, 85, 123, 170, 12, -82, 163, -81, 13, 151, 79, 352, 14, -189, 234, -401, 15, 154, 208, 472, 16, -49, 331, -416, 23, 58, -148, 10, 24, -76, -145, -109
11, 85, 123, 230, 12, -82, 163, -81, 13, 134, 79, 352, 14, -173, 249, -401, 15, 139, 208, 568, 16, -49, 331, -416, 23, 58, -148, 10, 24, -59, -145, -109
11, 85, 123, 230, 12, -82, 163, -81, 13, 134, 126, 352, 14, -134, 282, -272, 15, 139, 208, 568, 16, -13, 361, -64, 23, 58, -148, 10, 24, -59, -145, -109
11, 85, 123, 230, 12, -82, 163, -81, 13, 134, 144, 352, 14, -118, 307, -139, 15, 96, 208, 568, 16, 5, 361, 149, 23, 58, -148, 10, 24, -59, -145, -109
11, 85, 123, 230, 12, -67, 163, -81, 13, 134, 171, 352, 14, -118, 307, -139, 15, 96, 208, 632, 16, 5, 361, 149, 23, 58, -148, 10, 24, -59, -145, -109
11, 68, 123, 230, 12, -67, 163, -81, 13, 134, 145, 352, 14, -118, 307, -139, 15, 96, 227, 521, 16, 5, 345, 149, 23, 58, -148, 10, 24, -59, -145, -109
11, 68, 123, 170, 12, -67, 163, -81, 13, 134, 145, 285, 14, -118, 307, -139, 15, 96, 227, 521, 16, 5, 345, 149, 23, 58, -148, 10, 24, -59, -145, -109
11, 68, 123, 170, 12, -67, 163, -81, 13, 134, 145, 285, 14, -146, 307, -139, 15, 96, 227, 521, 16, -18, 345, 149, 23, 58, -148, 10, 24, -42, -145, -109
11, 68, 123, 170, 12, -67, 163, -81, 13, 154, 145, 188, 14, -172, 307, -139, 15, 96, 246, 338, 16, -40, 345, 149, 23, 58, -148, 10, 24, -42, -145, -109
11, 68, 123, 170, 12, -83, 163, -81, 13, 154, 167, 188, 14, -172, 307, -139, 15, 96, 246, 338, 16, -40, 345, 149, 23, 58, -148, 10, 24, -42, -145, -109
11, 87, 123, 67, 12, -83, 163, -81, 13, 179, 167, 56, 14, -189, 307, -139, 15, 96, 246, 189, 16, -40, 327, 149, 23, 58, -148, 10, 24, -42, -145, -9
11, 87, 123, 67, 12, -83, 163, -81, 13, 179, 167, 56, 14, -189, 286, -139, 15, 96, 246, 124, 16, -57, 327, 228, 23, 58, -148, 10, 24, -58, -145, -9
11, 87, 139, 67, 12, -83, 163, -81, 13, 179, 215, -50, 14, -209, 286, -139, 15, 96, 286, 124, 16, -57, 327, 228, 23, 58, -148, 10, 24, -58, -145, -9
11, 87, 139, 67, 12, -83, 163, -7, 13, 179, 259, -50, 14, -209, 286, -67, 15, 96, 322, 124, 16, -73, 327, 228, 23, 58, -148, 10, 24, -58, -145, -9
11, 87, 154, 67, 12, -83, 163, -7, 13, 179, 259, -50, 14, -209, 265, -67, 15, 62, 322, 250, 16, -73, 327, 293, 23, 58, -148, 10, 24, -58, -145, -9
11, 87, 154, 67, 12, -83, 163, -7, 13, 179, 296, -50, 14, -226, 265, -67, 15, 46, 357, 123, 16, -92, 344, 293, 23, 58, -148, 10, 24, -58, -145, -9
11, 87, 154, -15, 12, -83, 163, -7, 13, 160, 315, -177, 14, -226, 237, -67, 15, 22, 378, -39, 16, -114, 344, 5, 23, 76, -148, 10, 24, -74, -160, -9
11, 87, 154, -15, 12, -98, 163, -7, 13, 160, 315, -177, 14, -226, 237, -67, 15, 22, 378, 33, 16, -114, 344, 186, 23, 76, -148, 10, 24, -74, -160, -9
11, 87, 154, -15, 12, -98, 146, -7, 13, 160, 315, -177, 14, -243, 221, -186, 15, 2, 378, 33, 16, -114, 344, -179, 23, 76, -148, 10, 24, -74, -160, -9
11, 87, 154, -15, 12, -98, 146, -7, 13, 144, 315, -177, 14, -243, 221, -186, 15, 2, 378, 33, 16, -129, 344, -11, 23, 76, -148, 10, 24, -74, -160, -9
11, 87, 154, -15, 12, -98, 146, -7, 13, 144, 270, -240, 14, -243, 162, -257, 15, 2, 362, -216, 16, -153, 314, -415, 23, 76, -148, 10, 24, -74, -160, -9
11, 87, 154, -15, 12, -98, 146, -7, 13, 183, 189, -240, 14, -218, 104, -257, 15, 80, 321, -361, 16, -173, 268, -643, 23, 76, -148, 10, 24, -74, -160, -9
11, 87, 154, -15, 12, -79, 146, -7, 13, 198, 169, -240, 14, -203, 85, -380, 15, 108, 303, -361, 16, -173, 247, -787, 23, 59, -148, 10, 24, -74, -140, -9
11, 87, 115, -15, 12, -79, 111, 60, 13, 163, 76, -240, 14, -175, 37, -208, 15, 162, 148, -700, 16, -215, 128, -674, 23, 59, -118, 10, 24, -74, -110, -9
11, 87, 115, -15, 12, -79, 111, 60, 13, 163, 76, -320, 14, -175, 37, -126, 15, 162, 101, -790, 16, -215, 74, -561, 23, 59, -118, 10, 24, -74, -110, -9
11, 87, 115, -15, 12, -79, 111, -31, 13, 163, 8, -68, 14, -175, 9, 17, 15, 178, -115, -272, 16, -267, -86, -168, 23, 59, -118, 10, 24, -74, -110, 61
11, 87, 115, -15, 12, -79, 111, -31, 13, 163, 8, -68, 14, -175, 9, 17, 15, 178, -115, -181, 16, -267, -107, -168, 23, 59, -118, 10, 24, -58, -110, 61
11, 87, 134, -15, 12, -79, 134, -94, 13, 146, -12, 23, 14, -175, 9, 17, 15, 178, -138, -181, 16, -248, -107, -168, 23, 59, -136, 73, 24, -58, -135, 61
11, 87, 134, -15, 12, -79, 134, -94, 13, 146, -12, 23, 14, -175, 9, 17, 15, 178, -138, -83, 16, -248, -107, -168, 23, 59, -136, 73, 24, -58, -135, 61
11, 87, 134, -15, 12, -79, 134, -94, 13, 146, -12, 23, 14, -175, 9, 17, 15, 178, -113, -147, 16, -248, -107, -168, 23, 59, -136, 73, 24, -58, -135, 61
11, 87, 134, -15, 12, -96, 134, -94, 13, 146, -12, 23, 14, -175, 9, 17, 15, 205, -113, -147, 16, -283, -107, -168, 23, 59, -136, 73, 24, -58, -135, 61
11, 87, 134, -15, 12, -96, 134, -94, 13, 146, -12, 23, 14, -175, 9, 17, 15, 231, -113, -147, 16, -303, -87, -168, 23, 59, -136, 73, 24, -58, -135, 1
11, 87, 134, -15, 12, -96, 134, -94, 13, 162, 9, 23, 14, -192, 32, 17, 15, 296, -41, -271, 16, -303, -4, -276, 23, 59, -136, 73, 24, -58, -135, 1
11, 87, 134, -15, 12, -96, 134, -94, 13, 187, 9, 23, 14, -192, 48, -88, 15, 315, -7, -271, 16, -327, 24, -345, 23, 59, -136, 73, 24, -58, -135, 1
11, 87, 134, -15, 12, -96, 150, -94, 13, 218, 86, -52, 14, -216, 111, -166, 15, 362, 113, -271, 16, -352, 116, -414, 23, 59, -136, 73, 24, -58, -135, 1
11, 87, 134, -15, 12, -96, 150, -154, 13, 235, 166, -52, 14, -216, 205, -244, 15, 362, 244, -271, 16, -352, 249, -414, 23, 59, -136, 73, 24, -58, -153, 68
11, 87, 134, -15, 12, -96, 150, -154, 13, 235, 193, -52, 14, -231, 225, -244, 15, 362, 279, -271, 16, -352, 294, -414, 23, 59, -153, 73, 24, -58, -153, 68
11, 87, 134, -15, 12, -96, 150, -154, 13, 235, 234, -147, 14, -201, 254, -244, 15, 331, 359, -348, 16, -286, 395, -414, 23, 59, -153, 73, 24, -58, -153, 68
11, 87, 134, -85, 12, -96, 150, -154, 13, 235, 234, -147, 14, -201, 269, -244, 15, 316, 383, -348, 16, -270, 425, -414, 23, 59, -153, 73, 24, -58, -153, 68
11, 87, 134, -85, 12, -96, 150, -66, 13, 171, 263, -147, 14, -169, 288, -244, 15, 236, 383, -348, 16, -209, 425, -307, 23, 59, -153, 73, 24, -58, -153, 68
11, 87, 134, -24, 12, -96, 150, -66, 13, 148, 263, -147, 14, -169, 288, -244, 15, 198, 383, -348, 16, -209, 425, -307, 23, 59, -153, 73, 24, -58, -153, 68
11, 87, 134, -24, 12, -96, 150, -66, 13, 128, 263, -147, 14, -134, 288, -244, 15, 119, 399, -243, 16, -141, 425, -307, 23, 59, -153, 73, 24, -58, -153, 68
11, 87, 134, -24, 12, -96, 150, -66, 13, 109, 297, -147, 14, -117, 305, -244, 15, 49, 419, -243, 16, -94, 425, -307, 23, 59, -153, 73, 24, -58, -153, 68
11, 87, 150, -24, 12, -96, 150, -66, 13, 109, 297, -147, 14, -117, 305, -244, 15, 49, 419, -243, 16, -73, 425, -307, 23, 59, -153, 73, 24, -58, -153, 68
11, 87, 150, 40, 12, -81, 150, -66, 13, 109, 297, -87, 14, -83, 305, -171, 15, -6, 403, -18, 16, -41, 407, -46, 23, 59, -153, 4, 24, -58, -153, -23
11, 87, 150, 40, 12, -81, 150, -2, 13, 87, 297, -87, 14, -65, 305, -90, 15, -45, 369, 127, 16, -21, 378, 86, 23, 59, -153, 4, 24, -58, -153, -23
11, 87, 150, 40, 12, -60, 168, -2, 13, 55, 322, -3, 14, -33, 305, -90, 15, -45, 324, 235, 16, 34, 346, 86, 23, 59, -153, 4, 24, -58, -153, -23
11, 87, 150, 40, 12, -60, 168, -2, 13, 55, 322, -3, 14, -33, 305, -90, 15, -69, 308, 235, 16, 64, 346, 9, 23, 59, -153, 4, 24, -58, -169, -23
11, 87, 150, 40, 12, -60, 168, -2, 13, 55, 322, -3, 14, -33, 305, -156, 15, -69, 308, 304, 16, 64, 346, 71, 23, 59, -153, 4, 24, -58, -169, -23
11, 87, 165, 40, 12, -60, 168, -87, 13, 55, 322, -3, 14, -33, 324, -156, 15, -69, 308, 304, 16, 64, 346, 71, 23, 59, -153, 4, 24, -58, -169, -23
11, 87, 165, 40, 12, -60, 168, -87, 13, 55, 322, -3, 14, -33, 324, -156, 15, -52, 308, 304, 16, 64, 346, 256, 23, 59, -153, 89, 24, -58, -169, -23
11, 87, 165, 40, 12, -60, 168, -87, 13, 102, 322, -3, 14, -62, 324, -156, 15, -12, 361, 134, 16, 0, 379, 25, 23, 59, -153, 89, 24, -58, -169, -23
11, 87, 150, 40, 12, -60, 168, -27, 13, 122, 300, -3, 14, -85, 324, -156, 15, 6, 377, 68, 16, -30, 379, 25, 23, 59, -153, 14, 24, -58, -154, -23
11, 87, 150, 40, 12, -60, 151, -27, 13, 143, 285, -187, 14, -129, 299, -156, 15, 62, 377, -273, 16, -120, 398, -197, 23, 59, -153, 14, 24, -58, -154, -23
11, 87, 150, -54, 12, -76, 151, -27, 13, 200, 254, -187, 14, -182, 274, -156, 15, 196, 377, -354, 16, -219, 419, -329, 23, 59, -153, 14, 24, -74, -154, 74
11, 106, 150, -54, 12, -76, 151, -27, 13, 218, 226, -187, 14, -182, 274, -156, 15, 240, 377, -354, 16, -236, 419, -264, 23, 59, -153, 14, 24, -74, -138, 74
11, 106, 150, 40, 12, -76, 151, -131, 13, 248, 180, -19, 14, -235, 230, -267, 15, 339, 305, -235, 16, -338, 303, -481, 23, 59, -153, 81, 24, -74, -153, 12
11, 106, 150, 40, 12, -76, 151, -131, 13, 248, 161, -19, 14, -235, 205, -267, 15, 339, 262, -235, 16, -366, 266, -481, 23, 59, -153, 81, 24, -74, -153, 12
11, 106, 150, 40, 12, -97, 151, -131, 13, 226, 107, -19, 14, -235, 135, -267, 15, 339, 134, -235, 16, -350, 173, -481, 23, 59, -153, 81, 24, -74, -153, 12
11, 106, 150, 40, 12, -97, 151, -131, 13, 226, 89, 49, 14, -235, 118, -191, 15, 339, 102, -235, 16, -335, 118, -573, 23, 59, -153, 81, 24, -74, -153, 12
11, 106, 150, 40, 12, -97, 151, -69, 13, 203, 51, 49, 14, -219, 67, -191, 15, 339, 17, -235, 16, -335, 37, -573, 23, 59, -153, 81, 24, -74, -153, 12
11, 106, 150, 40, 12, -97, 151, -69, 13, 175, 27, 118, 14, -204, 22, -37, 15, 283, -70, -127, 16, -335, -55, -206, 23, 59, -153, 81, 24, -74, -153, -53
11, 106, 150, 40, 12, -97, 151, -69, 13, 175, 27, 118, 14, -187, 22, -37, 15, 254, -91, -127, 16, -315, -79, -206, 23, 59, -153, 81, 24, -58, -153, -53
11, 106, 150, -34, 12, -97, 151, -192, 13, 148, -6, 118, 14, -155, 4, -124, 15, 173, -122, -127, 16, -211, -114, -297, 23, 59, -153, 171, 24, -58, -153, 58
11, 106, 150, -34, 12, -97, 151, -192, 13, 148, -6, 118, 14, -155, 4, -124, 15, 145, -122, -127, 16, -188, -114, -297, 23, 59, -153, 171, 24, -58, -153, 58
11, 106, 135, 88, 12, -97, 151, -192, 13, 120, -6, 118, 14, -114, 4, -124, 15, 127, -122, -127, 16, -130, -114, -297, 23, 59, -153, 98, 24, -58, -153, -16
11, 106, 135, 88, 12, -97, 151, -192, 13, 120, -6, 118, 14, -114, 4, -124, 15, 127, -122, -53, 16, -160, -114, -297, 23, 59, -153, 98, 24, -58, -153, -16
11, 106, 135, 5, 12, -97, 151, -192, 13, 120, -6, 118, 14, -114, 4, -124, 15, 154, -122, -53, 16, -175, -114, -297, 23, 59, -153, 98, 24, -58, -153, -16
11, 106, 135, 5, 12, -97, 151, -67, 13, 149, -6, 118, 14, -151, 4, -30, 15, 228, -122, -53, 16, -270, -114, -199, 23, 59, -153, 98, 24, -58, -153, -16
11, 106, 135, 5, 12, -97, 151, -67, 13, 149, -6, 118, 14, -170, 4, -30, 15, 258, -106, -162, 16, -307, -75, -199, 23, 59, -153, 98, 24, -58, -153, -16
11, 106, 135, 5, 12, -97, 151, -67, 13, 185, 18, 118, 14, -186, 38, -30, 15, 320, -43, -162, 16, -307, 14, -370, 23, 59, -153, 98, 24, -58, -153, -16
11, 106, 135, 5, 12, -97, 151, -67, 13, 203, 18, 118, 14, -186, 38, -97, 15, 341, -16, -224, 16, -329, 44, -370, 23, 59, -153, 98, 24, -58, -153, -16
11, 106, 135, 5, 12, -97, 151, 6, 13, 203, 74, -344, 14, -186, 82, -215, 15, 283, 100, -897, 16, -274, 125, -691, 23, 59, -153, 1, 24, -58, -153, -16
11, 90, 114, 5, 12, -75, 111, 6, 13, 130, 44, -344, 14, -137, 41, -313, 15, 91, 159, -747, 16, -95, 125, -691, 23, 59, -117, 1, 24, -58, -111, -16
11, 90, 114, 77, 12, -75, 111, 6, 13, 115, 44, -270, 14, -101, 41, -313, 15, 62, 140, -747, 16, -33, 125, -691, 23, 59, -117, 1, 24, -58, -111, -16
11, 67, 114, 77, 12, -75, 111, -140, 13, 69, 152, -270, 14, 0, 106, -456, 15, -104, 214, -592, 16, 161, 125, -552, 23, 59, -117, 69, 24, -58, -111, -16
11, 67, 137, 77, 12, -75, 135, -140, 13, 46, 168, -270, 14, 25, 133, -456, 15, -135, 241, -592, 16, 204, 152, -552, 23, 59, -137, 69, 24, -58, -135, -16
11, 67, 137, 143, 12, -55, 135, -140, 13, 17, 101, -11, 14, 42, 133, -456, 15, -135, 184, -186, 16, 233, 152, -552, 23, 59, -137, 69, 24, -58, -135, -16
11, 50, 122, 143, 12, -55, 135, -212, 13, 40, 47, 76, 14, 42, 133, -569, 15, -61, 42, -97, 16, 233, 152, -665, 23, 59, -137, 69, 24, -39, -135, -16
11, 50, 122, 143, 12, -55, 135, -212, 13, 40, 47, 76, 14, 61, 133, -569, 15, -61, -33, -180, 16, 233, 174, -665, 23, 59, -137, 69, 24, -39, -135, -16
11, 50, 122, 143, 12, -55, 135, -212, 13, 40, 159, 10, 14, 61, 155, -509, 15, -61, 272, -180, 16, 233, 174, -493, 23, 44, -137, 69, 24, -39, -135, -16
11, 50, 122, 143, 12, -55, 135, -212, 13, 68, 179, 10, 14, 61, 155, -446, 15, -40, 304, -254, 16, 216, 200, -373, 23, 44, -137, 69, 24, -39, -135, -16
11, 68, 122, 143, 12, -55, 135, -212, 13, 143, 161, -166, 14, -70, 126, -517, 15, 149, 285, -508, 16, 29, 216, -689, 23, 44, -137, 69, 24, -39, -119, -16
11, 68, 122, 143, 12, -55, 117, -112, 13, 169, 161, -166, 14, -101, 126, -517, 15, 201, 267, -508, 16, -49, 216, -689, 23, 44, -137, 69, 24, -54, -119, -16
11, 94, 122, -19, 12, -76, 117, -112, 13, 229, 161, -71, 14, -183, 149, -278, 15, 352, 220, -237, 16, -250, 283, -576, 23, 44, -137, 69, 24, -54, -119, 55
11, 94, 122, -19, 12, -76, 135, -112, 13, 229, 108, -71, 14, -204, 127, -278, 15, 352, 133, -237, 16, -297, 181, -790, 23, 44, -137, 69, 24, -70, -119, 55
11, 94, 122, -19, 12, -76, 135, -112, 13, 229, 108, -71, 14, -233, 127, -278, 15, 352, 114, -237, 16, -323, 151, -691, 23, 44, -137, 69, 24, -70, -136, 55
11, 94, 122, -19, 12, -76, 135, -112, 13, 229, 65, -71, 14, -214, 88, -181, 15, 352, 70, -237, 16, -339, 90, -477, 23, 44, -137, 69, 24, -70, -136, 55
11, 94, 122, -19, 12, -76, 135, -112, 13, 229, 49, -71, 14, -214, 88, -181, 15, 352, 54, -305, 16, -306, 90, -550, 23, 44, -137, 69, 24, -70, -136, 55
11, 94, 122, -19, 12, -76, 135, -112, 13, 214, 15, 46, 14, -198, 42, -181, 15, 352, 7, -136, 16, -306, 35, -550, 23, 44, -137, 69, 24, -70, -136, 55
11, 94, 122, -19, 12, -94, 135, -112, 13, 174, -9, 46, 14, -198, 5, -181, 15, 298, -34, -136, 16, -306, 6, -550, 23, 44, -117, 69, 24, -70, -136, 55
11, 94, 122, -19, 12, -94, 135, -112, 13, 156, -9, 46, 14, -198, 5, -181, 15, 270, -34, -242, 16, -306, 6, -446, 23, 44, -117, 69, 24, -70, -136, 55
11, 94, 122, -19, 12, -94, 135, -112, 13, 140, -9, 46, 14, -176, -27, -77, 15, 253, -90, -145, 16, -306, -64, -237, 23, 61, -117, 69, 24, -70, -136, 55
11, 94, 139, -80, 12, -94, 135, -112, 13, 140, -9, 46, 14, -176, -27, -77, 15, 207, -90, -145, 16, -261, -111, -237, 23, 61, -137, 69, 24, -55, -136, 55
11, 94, 139, -80, 12, -94, 135, -112, 13, 140, -9, 46, 14, -156, -27, -77, 15, 192, -106, -145, 16, -238, -111, -237, 23, 61, -137, 69, 24, -55, -136, 55
11, 94, 139, -80, 12, -94, 135, -112, 13, 140, -9, 46, 14, -156, -27, -77, 15, 192, -125, -74, 16, -202, -153, -237, 23, 61, -137, 69, 24, -55, -136, 55
11, 94, 139, -80, 12, -94, 135, -112, 13, 140, -9, 46, 14, -156, -27, -77, 15, 192, -125, -74, 16, -202, -153, -237, 23, 61, -137, 69, 24, -55, -151, 55
11, 94, 139, -80, 12, -94, 135, -112, 13, 140, -9, 46, 14, -156, -27, -77, 15, 192, -145, -74, 16, -174, -153, -237, 23, 61, -137, 69, 24, -55, -151, 55
11, 94, 139, -80, 12, -109, 151, -112, 13, 140, -9, 46, 14, -156, -27, -77, 15, 192, -145, -74, 16, -174, -153, -237, 23, 76, -137, 69, 24, -73, -151, 55
11, 110, 155, -80, 12, -109, 151, -112, 13, 140, -9, 46, 14, -156, -27, -77, 15, 192, -145, -74, 16, -174, -153, -237, 23, 76, -153, 69, 24, -73, -151, 55
11, 110, 155, -80, 12, -109, 151, -112, 13, 140, -9, -23, 14, -156, -27, -77, 15, 192, -145, -74, 16, -192, -153, -237, 23, 76, -153, 69, 24, -73, -151, 55
11, 129, 155, -80, 12, -109, 151, -112, 13, 162, -9, -23, 14, -156, -27, -77, 15, 192, -163, -168, 16, -225, -153, -237, 23, 76, -153, 69, 24, -73, -151, 138
11, 129, 155, -154, 12, -128, 151, -112, 13, 162, -42, -94, 14, -183, -53, -77, 15, 221, -191, -168, 16, -267, -188, -237, 23, 76, -153, 69, 24, -73, -151, 138
11, 129, 155, -154, 12, -128, 151, -112, 13, 162, -42, -94, 14, -183, -53, -77, 15, 221, -191, -168, 16, -290, -188, -237, 23, 76, -153, 69, 24, -73, -151, 138
11, 129, 155, -154, 12, -128, 151, -112, 13, 183, -42, -94, 14, -204, -53, 11, 15, 243, -212, -168, 16, -290, -188, -162, 23, 76, -153, 69, 24, -73, -151, 138
11, 146, 176, -252, 12, -161, 151, -112, 13, 200, -42, -169, 14, -226, -74, 11, 15, 260, -212, -168, 16, -325, -261, -162, 23, 92, -153, 150, 24, -73, -166, 253
11, 146, 176, -252, 12, -161, 151, -173, 13, 200, -42, -169, 14, -226, -74, 11, 15, 260, -243, -168, 16, -325, -296, -162, 23, 92, -153, 150, 24, -73, -166, 253
11, 146, 193, -323, 12, -178, 151, -173, 13, 224, -42, -169, 14, -226, -101, 11, 15, 276, -266, -168, 16, -301, -338, -91, 23, 109, -153, 150, 24, -73, -166, 323
11, 146, 193, -420, 12, -178, 151, -173, 13, 224, -42, -238, 14, -243, -101, 100, 15, 276, -266, -168, 16, -301, -338, -91, 23, 109, -153, 150, 24, -73, -185, 323
11, 146, 218, -420, 12, -201, 151, -173, 13, 224, -11, -238, 14, -243, -85, 100, 15, 276, -241, -168, 16, -301, -338, -2, 23, 131, -197, 150, 24, -73, -185, 388
11, 146, 218, -420, 12, -201, 151, -173, 13, 224, -11, -238, 14, -243, -85, 100, 15, 276, -256, -78, 16, -301, -338, -2, 23, 131, -197, 150, 24, -73, -168, 388
11, 146, 218, -420, 12, -216, 151, -173, 13, 224, -49, -238, 14, -243, -67, 100, 15, 276, -279, -78, 16, -301, -319, -2, 23, 131, -197, 150, 24, -73, -168, 388
11, 146, 218, -420, 12, -216, 151, -173, 13, 224, -49, -139, 14, -243, -67, 25, 15, 276, -279, 4, 16, -301, -319, -62, 23, 131, -197, 150, 24, -73, -168, 388
11, 146, 218, -493, 12, -216, 151, -173, 13, 247, -49, -327, 14, -243, -49, 147, 15, 276, -279, -172, 16, -301, -319, 65, 23, 131, -197, 150, 24, -73, -188, 388
11, 146, 218, -493, 12, -216, 168, -173, 13, 247, -49, -327, 14, -243, -49, 239, 15, 276, -279, -172, 16, -283, -319, 248, 23, 131, -197, 232, 24, -73, -188, 388
11, 146, 218, -493, 12, -216, 168, -173, 13, 247, -33, -327, 14, -243, -30, 177, 15, 276, -279, -172, 16, -283, -319, 139, 23, 131, -197, 232, 24, -73, -188, 388
11, 146, 218, -493, 12, -216, 190, -101, 13, 247, -33, -327, 14, -243, -13, 274, 15, 276, -299, -172, 16, -283, -295, 236, 23, 131, -197, 232, 24, -73, -210, 388
11, 146, 218, -493, 12, -216, 190, -101, 13, 247, -33, -327, 14, -243, -13, 274, 15, 276, -299, -172, 16, -283, -311, 110, 23, 131, -197, 232, 24, -73, -210, 388
11, 146, 235, -493, 12, -216, 190, -101, 13, 247, -33, -327, 14, -243, -13, 350, 15, 276, -299, -172, 16, -283, -281, 341, 23, 131, -218, 232, 24, -73, -210, 388
11, 146, 235, -558, 12, -216, 190, -37, 13, 247, -33, -327, 14, -243, -13, 350, 15, 276, -299, -172, 16, -283, -281, 403, 23, 131, -218, 232, 24, -73, -210, 388
11, 162, 235, -558, 12, -216, 190, -37, 13, 247, -33, -399, 14, -243, -13, 422, 15, 276, -319, -252, 16, -283, -261, 491, 23, 131, -218, 232, 24, -73, -210, 388
11, 162, 235, -558, 12, -216, 190, -37, 13, 247, -33, -399, 14, -243, -13, 422, 15, 276, -319, -252, 16, -283, -261, 428, 23, 131, -218, 232, 24, -90, -210, 457
11, 162, 235, -656, 12, -216, 190, -37, 13, 247, -33, -399, 14, -243, -13, 422, 15, 276, -319, -252, 16, -283, -261, 599, 23, 131, -218, 232, 24, -90, -210, 457
